602309097940975647
693170162018418758
749715365440913519
547475078082985990
233980379344797696
776504938251026442
791625992064991282
625327196155805704
615253401281888258
772094513128013827
693339692560679004
785978687731400715
675081302554312704
711167924181794816
669883966060232715
688364103122681889
663144725565407244
768210373140545546
479351860923465728
397322527262769153
272482804334329857
243405030676365315
803409798522732584
281662927482650624
465537308150726656
765397603667673138
743548582602342421
401153736443035649
350025531791638528
319903955540770836
791067858351292467
753138310834290708
700103336686387211
828724304521986129
576234158314225674
818822983703199744
138005466235011082
799790288750903338
